IP 地址,已发送,已接收,丢包率,平均延迟,下载速度 (MB/s)
2606:4700:d0:23:d2a9:d26c:2335:94ba,1,1,0.00,139.26,31.04
2606:4700:d1:b8:fa93:e9d9:6265:bc2a,1,1,0.00,139.77,30.35
2606:4700:d0:c8:94d8:7c1e:6bf:9db8,1,1,0.00,139.31,29.83
2606:4700:e0:83:77b3:e3d5:48af:7dab,1,1,0.00,139.66,29.80
2606:4700:e0:83:77b3:e3d5:4817:c29a,1,1,0.00,139.40,29.78
2606:4700:d0:c8:9487:fcf9:2f67:6657,1,1,0.00,139.83,25.38
2606:4700:d0:ff:581f:e00b:cfca:8ee8,1,1,0.00,139.30,23.16
2606:4700:d0:ff:58cb:3202:e1b5:97f,1,1,0.00,139.14,22.62
2606:4700:d1:479c:d198:fad0:eece:e592,1,1,0.00,139.79,21.81
2606:4700:d1:479c:7c5d:8262:3067:a7b9,1,1,0.00,139.24,20.22
